expName,curec_ID,trial_schedule,session_nr,date,end_date,participant,age,gender,max_strength,block_number,trial_count,block_action_type,block_global_effort_state,block_attention_focus,trial_rating,trial_effort,trial_outcome_level,trial_actual_outcome,response,response_time,result,points,cumulative_points,effort_trace,effort_expended,effort_response_time,final_bonus_payment
reward-effort-pgACC-TUS,R88533/RE002,testing,1,2024-07-10_14h12.49.102,None,999,28,f,2.989898681640625,1,1,avoid,shifted,reward,None,80,-40,-40,reject,0.7775566999334842,None,-40,-40,"null",None,None,None
reward-effort-pgACC-TUS,R88533/RE002,testing,1,2024-07-10_14h12.49.102,None,999,28,f,2.989898681640625,1,2,avoid,shifted,reward,None,90,-80,-81,accept,0.5419753000605851,success,0,-40,"[0, 0, 0, 0, 0, 0, 0, 0, 0, 0, 0, 0, 0, 0, 0, 0, 0, 0, 0, 0, 0, 0, 0, 0, 0, 0, 0, 10.0, 31.0, 52.0, 58.0, 64.0, 68.0, 72.0, 77.0, 85.0, 98.0, 106.0, 112.0, 113.0, 113.0, 117.0, 138.0, 158.0, 163.0, 164.0, 164.0, 164.0, 164.0, 164.0, 164.0, 164.0, 164.0, 164.0, 164.0, 164.0, 164.0, 164.0, 164.0, 164.0, 164.0, 164.0, 164.0, 164.0, 164.0, 164.0, 164.0, 164.0, 164.0, 164.0, 164.0, 164.0, 164.0, 164.0, 164.0, 164.0, 164.0, 164.0, 164.0, 164.0, 164.0, 164.0, 164.0, 164.0, 164.0, 164.0, 164.0, 164.0, 164.0, 164.0, 164.0]",157.4909090909091,1.7071084999479353,None
reward-effort-pgACC-TUS,R88533/RE002,testing,1,2024-07-10_14h12.49.102,None,999,28,f,2.989898681640625,1,3,avoid,shifted,reward,None,95,-40,-36,accept,0.4602398999268189,success,0,-40,"[0, 0, 0, 0, 0, 0, 0, 0, 0, 0, 0, 12.0, 34.0, 48.0, 60.0, 79.0, 87.0, 93.0, 99.0, 103.0, 109.0, 115.0, 118.0, 124.0, 128.0, 129.0, 134.0, 141.0, 148.0, 152.0, 155.0, 158.0, 159.0, 161.0, 162.0, 162.0, 162.0, 162.0, 162.0, 162.0, 162.0, 162.0, 162.0, 162.0, 162.0, 162.0, 162.0, 162.0, 162.0, 162.0, 162.0, 162.0, 162.0, 162.0, 162.0, 162.0, 162.0, 162.0, 162.0, 162.0, 162.0, 162.0, 162.0, 162.0, 162.0, 162.0, 162.0, 162.0, 162.0, 162.0, 162.0, 162.0, 162.0, 162.0, 162.0, 162.0, 162.0, 162.0, 162.0, 162.0]",154.59677419354838,1.3328808000078425,None
reward-effort-pgACC-TUS,R88533/RE002,testing,1,2024-07-10_14h12.49.102,None,999,28,f,2.989898681640625,2,4,avoid,normal,reward,None,55,-20,-20,reject,0.6296797000104561,None,-20,-60,"null",None,None,None
reward-effort-pgACC-TUS,R88533/RE002,testing,1,2024-07-10_14h12.49.102,None,999,28,f,2.989898681640625,2,5,avoid,normal,reward,None,90,-40,-40,reject,0.6552482000552118,None,-40,-100,"null",None,None,None
reward-effort-pgACC-TUS,R88533/RE002,testing,1,2024-07-10_14h12.49.102,None,999,28,f,2.989898681640625,2,6,avoid,normal,reward,None,90,-60,-55,accept,0.37855460005812347,success,0,-100,"[0, 0, 0, 0, 0, 0, 0, 0, 0, 0, 0, 0, 0, 0, 0, 0, 0, 0, 0, 0, 0, 0, 0, 0, 0, 0, 0, 0, 0, 0, 0, 0, 0, 0, 23.0, 49.0, 74.0, 96.0, 112.0, 125.0, 131.0, 137.0, 142.0, 147.0, 150.0, 153.0, 155.0, 156.0, 159.0, 161.0, 165.0, 168.0, 169.0, 169.0, 169.0, 169.0, 169.0, 169.0, 169.0, 169.0, 169.0, 169.0, 169.0, 169.0, 169.0, 169.0, 169.0, 169.0, 169.0, 169.0, 169.0, 169.0, 169.0, 169.0, 169.0, 169.0, 169.0, 169.0, 169.0, 169.0, 169.0, 169.0, 169.0, 169.0, 169.0, 169.0, 169.0, 169.0, 169.0, 169.0, 169.0, 169.0, 169.0, 169.0, 169.0, 169.0, 169.0, 169.0, 169.0]",162.90322580645162,1.6603195000207052,None
reward-effort-pgACC-TUS,R88533/RE002,testing,1,2024-07-10_14h12.49.102,None,999,28,f,2.989898681640625,3,7,avoid,shifted,heart,None,80,-40,-40,accept,0.568205300020054,success,0,-100,"[0, 0, 0, 0, 0, 0, 0, 0, 0, 0, 0, 0, 0, 0, 0, 0, 0, 0, 0, 0, 0, 0, 0, 0, 0, 0, 0, 0, 0, 0, 0, 0, 0, 0, 31.0, 67.0, 102.0, 127.0, 144.0, 159.0, 169.0, 174.0, 175.0, 175.0, 175.0, 175.0, 176.0, 178.0, 183.0, 186.0, 190.0, 193.0, 193.0, 194.0, 194.0, 196.0, 198.0, 200.0, 202.0, 203.0, 203.0, 204.0, 204.0, 204.0, 204.0, 204.0, 204.0, 204.0, 204.0, 204.0, 204.0, 204.0, 204.0, 204.0, 204.0, 204.0, 204.0, 204.0, 204.0, 204.0, 204.0, 204.0, 204.0, 204.0, 204.0, 204.0, 204.0, 204.0, 204.0, 204.0, 204.0, 204.0, 204.0, 204.0, 204.0, 204.0, 204.0, 204.0]",193.74193548387098,1.631188700092025,None
reward-effort-pgACC-TUS,R88533/RE002,testing,1,2024-07-10_14h12.49.102,None,999,28,f,2.989898681640625,3,8,avoid,shifted,heart,None,90,-80,-81,accept,0.36385409999638796,success,0,-100,"[0, 0, 0, 0, 0, 0, 0, 0, 0, 0, 0, 0, 0, 0, 0, 0, 0, 0, 39.0, 118.0, 165.0, 199.0, 214.0, 220.0, 221.0, 222.0, 223.0, 223.0, 223.0, 224.0, 225.0, 225.0, 226.0, 226.0, 226.0, 226.0, 226.0, 226.0, 226.0, 226.0, 226.0, 226.0, 226.0, 226.0, 226.0, 226.0, 226.0, 226.0, 226.0, 226.0, 226.0, 226.0, 226.0, 226.0, 226.0, 226.0, 226.0, 226.0, 226.0, 226.0, 226.0, 226.0, 226.0, 226.0, 226.0, 226.0, 226.0, 226.0, 226.0, 226.0, 226.0, 226.0, 226.0, 226.0, 226.0, 226.0]",221.859649122807,1.3703249000245705,None
reward-effort-pgACC-TUS,R88533/RE002,testing,1,2024-07-10_14h12.49.102,None,999,28,f,2.989898681640625,3,9,avoid,shifted,heart,None,95,-40,-36,reject,0.38723120000213385,None,-36,-136,"null",None,None,None
reward-effort-pgACC-TUS,R88533/RE002,testing,1,2024-07-10_14h12.49.102,None,999,28,f,2.989898681640625,4,10,avoid,normal,heart,None,55,-20,-20,accept,0.6102131999796256,success,0,-136,"[0, 0, 0, 0, 0, 0, 0, 0, 0, 0, 0, 0, 0, 0, 0, 0, 0, 6.0, 9.0, 9.0, 11.0, 11.0, 11.0, 11.0, 11.0, 11.0, 11.0, 11.0, 11.0, 11.0, 11.0, 11.0, 11.0, 11.0, 11.0, 11.0, 11.0, 11.0, 11.0, 11.0, 11.0, 11.0, 11.0, 11.0, 11.0, 11.0, 12.0, 45.0, 79.0, 126.0, 150.0, 167.0, 178.0, 189.0, 192.0, 195.0, 196.0, 196.0, 196.0, 196.0, 196.0, 196.0, 196.0, 196.0, 196.0, 196.0, 196.0, 196.0, 196.0, 196.0, 196.0, 196.0, 196.0, 196.0, 196.0, 196.0, 196.0, 196.0, 196.0, 196.0, 196.0, 196.0, 196.0, 196.0, 196.0, 196.0, 196.0, 196.0, 196.0, 196.0, 196.0, 196.0, 196.0, 196.0, 196.0, 196.0, 196.0, 196.0, 196.0, 196.0, 196.0, 196.0, 196.0, 196.0, 196.0, 196.0, 196.0, 196.0, 196.0, 196.0]",191.29032258064515,1.8324201999930665,None
reward-effort-pgACC-TUS,R88533/RE002,testing,1,2024-07-10_14h12.49.102,None,999,28,f,2.989898681640625,4,11,avoid,normal,heart,None,90,-40,-40,reject,0.37627849995624274,None,-40,-176,"null",None,None,None
reward-effort-pgACC-TUS,R88533/RE002,testing,1,2024-07-10_14h12.49.102,None,999,28,f,2.989898681640625,4,12,avoid,normal,heart,None,90,-60,-55,accept,1.3787483000196517,success,0,-176,"[0, 0, 0, 0, 0, 0, 0, 0, 0, 20.0, 45.0, 63.0, 73.0, 82.0, 89.0, 99.0, 103.0, 109.0, 117.0, 131.0, 151.0, 160.0, 168.0, 175.0, 182.0, 184.0, 185.0, 185.0, 186.0, 186.0, 186.0, 186.0, 186.0, 186.0, 186.0, 186.0, 186.0, 186.0, 186.0, 186.0, 186.0, 186.0, 186.0, 186.0, 186.0, 186.0, 186.0, 186.0, 186.0, 186.0, 186.0, 186.0, 186.0, 186.0, 186.0, 186.0, 186.0, 186.0, 186.0, 186.0, 186.0, 186.0, 186.0, 186.0, 186.0, 186.0, 186.0, 186.0, 186.0, 186.0, 186.0, 186.0, 186.0, 186.0, 186.0, 186.0]",176.8709677419355,1.2630535999778658,None
reward-effort-pgACC-TUS,R88533/RE002,testing,1,2024-07-10_14h12.49.102,None,999,28,f,2.989898681640625,5,13,approach,shifted,reward,None,85,80,80,reject,1.1044134000549093,None,0,-176,"null",None,None,None
reward-effort-pgACC-TUS,R88533/RE002,testing,1,2024-07-10_14h12.49.102,None,999,28,f,2.989898681640625,5,14,approach,shifted,reward,None,70,40,51,accept,0.658867200021632,success,51,-125,"[0, 0, 0, 0, 0, 0, 12.0, 25.0, 41.0, 54.0, 73.0, 83.0, 93.0, 104.0, 118.0, 129.0, 137.0, 145.0, 150.0, 151.0, 151.0, 151.0, 151.0, 151.0, 151.0, 151.0, 151.0, 151.0, 151.0, 151.0, 151.0, 151.0, 151.0, 151.0, 151.0, 151.0, 151.0, 151.0, 151.0, 151.0, 151.0, 151.0, 151.0, 151.0, 151.0, 151.0, 148.0, 146.0, 146.0, 146.0, 146.0, 146.0, 146.0, 146.0, 146.0, 146.0, 146.0, 146.0, 146.0, 146.0, 146.0, 146.0, 146.0, 146.0, 146.0, 146.0, 146.0, 146.0, 146.0, 146.0, 146.0, 146.0]",144.81967213114754,1.1985742999240756,None
reward-effort-pgACC-TUS,R88533/RE002,testing,1,2024-07-10_14h12.49.102,None,999,28,f,2.989898681640625,5,15,approach,shifted,reward,None,60,20,20,reject,0.5229642000049353,None,0,-125,"null",None,None,None
reward-effort-pgACC-TUS,R88533/RE002,testing,1,2024-07-10_14h12.49.102,None,999,28,f,2.989898681640625,6,16,approach,normal,reward,None,100,80,72,accept,1.1672696999739856,success,72,-53,"[0, 0, 0, 0, 0, 15.0, 42.0, 65.0, 79.0, 91.0, 99.0, 107.0, 112.0, 115.0, 117.0, 120.0, 121.0, 123.0, 125.0, 126.0, 128.0, 131.0, 132.0, 135.0, 135.0, 136.0, 136.0, 135.0, 132.0, 132.0, 131.0, 131.0, 131.0, 131.0, 131.0, 131.0, 131.0, 131.0, 131.0, 131.0, 131.0, 131.0, 131.0, 131.0, 131.0, 131.0, 131.0, 131.0, 131.0, 131.0, 131.0, 131.0, 131.0, 131.0, 131.0, 131.0, 131.0, 131.0, 131.0, 131.0, 131.0, 131.0, 131.0, 131.0, 131.0, 131.0]",128.80357142857142,1.2069079999346286,None
reward-effort-pgACC-TUS,R88533/RE002,testing,1,2024-07-10_14h12.49.102,None,999,28,f,2.989898681640625,6,17,approach,normal,reward,None,60,100,98,accept,0.8729075000155717,success,98,45,"[0, 0, 0, 0, 0, 17.0, 54.0, 72.0, 82.0, 88.0, 94.0, 104.0, 108.0, 111.0, 116.0, 123.0, 129.0, 132.0, 133.0, 133.0, 133.0, 133.0, 133.0, 133.0, 133.0, 133.0, 133.0, 133.0, 133.0, 133.0, 133.0, 133.0, 132.0, 130.0, 127.0, 126.0, 125.0, 124.0, 124.0, 124.0, 124.0, 124.0, 124.0, 124.0, 124.0, 124.0, 124.0, 124.0, 124.0, 124.0, 124.0, 124.0, 124.0, 124.0, 124.0]",122.77083333333333,1.1725052000256255,None
reward-effort-pgACC-TUS,R88533/RE002,testing,1,2024-07-10_14h12.49.102,None,999,28,f,2.989898681640625,6,18,approach,normal,reward,None,85,60,55,reject,0.7494510000105947,None,0,45,"null",None,None,None
reward-effort-pgACC-TUS,R88533/RE002,testing,1,2024-07-10_14h12.49.102,None,999,28,f,2.989898681640625,7,19,approach,shifted,heart,None,85,80,80,reject,0.4439486999763176,None,0,45,"null",None,None,None
reward-effort-pgACC-TUS,R88533/RE002,testing,1,2024-07-10_14h12.49.102,None,999,28,f,2.989898681640625,7,20,approach,shifted,heart,None,70,40,51,reject,0.46175519993994385,None,0,45,"null",None,None,None
reward-effort-pgACC-TUS,R88533/RE002,testing,1,2024-07-10_14h12.49.102,None,999,28,f,2.989898681640625,7,21,approach,shifted,heart,None,60,20,20,reject,0.6141010998981073,None,0,45,"null",None,None,None
reward-effort-pgACC-TUS,R88533/RE002,testing,1,2024-07-10_14h12.49.102,None,999,28,f,2.989898681640625,8,22,approach,normal,heart,None,100,80,72,accept,0.779789200052619,success,72,117,"[0, 0, 0, 0, 0, 0, 0, 0, 0, 0, 0, 0, 0, 0, 0, 0, 0, 0, 0, 6.0, 18.0, 33.0, 50.0, 71.0, 100.0, 112.0, 133.0, 154.0, 162.0, 169.0, 171.0, 172.0, 172.0, 172.0, 172.0, 172.0, 175.0, 177.0, 180.0, 182.0, 182.0, 182.0, 182.0, 182.0, 182.0, 182.0, 182.0, 182.0, 182.0, 182.0, 182.0, 185.0, 188.0, 191.0, 196.0, 200.0, 207.0, 211.0, 217.0, 222.0, 226.0, 229.0, 231.0, 231.0, 228.0, 224.0, 224.0, 224.0, 224.0, 224.0, 224.0, 224.0, 224.0, 224.0, 224.0, 224.0, 224.0, 224.0, 224.0, 224.0]",194.625,1.4683230000082403,None
reward-effort-pgACC-TUS,R88533/RE002,testing,1,2024-07-10_14h12.49.102,None,999,28,f,2.989898681640625,8,23,approach,normal,heart,None,60,100,98,accept,0.6029907000483945,success,98,215,"[0, 0, 0, 0, 0, 0, 0, 24.0, 45.0, 59.0, 73.0, 84.0, 87.0, 89.0, 91.0, 93.0, 95.0, 96.0, 96.0, 96.0, 96.0, 96.0, 96.0, 96.0, 96.0, 96.0, 96.0, 96.0, 96.0, 96.0, 96.0, 96.0, 96.0, 96.0, 96.0, 96.0, 96.0, 96.0, 96.0, 96.0, 96.0, 96.0, 96.0, 96.0, 96.0, 96.0, 96.0, 96.0, 96.0, 96.0, 96.0, 96.0, 96.0, 96.0, 96.0, 96.0, 96.0, 96.0]",94.0204081632653,1.2192390999989584,None
reward-effort-pgACC-TUS,R88533/RE002,testing,1,2024-07-10_14h12.49.102,None,999,28,f,2.989898681640625,8,24,approach,normal,heart,None,85,60,55,accept,7.048284900025465,success,55,270,"[0, 0, 0, 0, 27.0, 127.0, 175.0, 196.0, 203.0, 207.0, 207.0, 201.0, 198.0, 198.0, 198.0, 198.0, 198.0, 198.0, 198.0, 198.0, 198.0, 198.0, 198.0, 198.0, 198.0, 198.0, 198.0, 198.0, 198.0, 198.0, 198.0, 198.0, 198.0, 198.0, 198.0, 198.0, 198.0, 198.0, 198.0, 198.0, 198.0, 198.0, 198.0, 198.0, 198.0, 198.0, 198.0, 198.0, 198.0, 198.0, 198.0, 198.0, 198.0, 198.0, 198.0, 198.0, 198.0, 198.0, 198.0, 198.0, 198.0, 198.0, 198.0, 198.0, 198.0, 198.0, 198.0]",196.8709677419355,1.1123630000511184,None
reward-effort-pgACC-TUS,R88533/RE002,testing,1,2024-07-10_14h12.49.102,None,999,28,f,2.989898681640625,8,24,approach,normal,heart,None,85,60,55,accept,7.048284900025465,success,55,270,"[0, 0, 0, 0, 27.0, 127.0, 175.0, 196.0, 203.0, 207.0, 207.0, 201.0, 198.0, 198.0, 198.0, 198.0, 198.0, 198.0, 198.0, 198.0, 198.0, 198.0, 198.0, 198.0, 198.0, 198.0, 198.0, 198.0, 198.0, 198.0, 198.0, 198.0, 198.0, 198.0, 198.0, 198.0, 198.0, 198.0, 198.0, 198.0, 198.0, 198.0, 198.0, 198.0, 198.0, 198.0, 198.0, 198.0, 198.0, 198.0, 198.0, 198.0, 198.0, 198.0, 198.0, 198.0, 198.0, 198.0, 198.0, 198.0, 198.0, 198.0, 198.0, 198.0, 198.0, 198.0, 198.0]",196.8709677419355,1.1123630000511184,14.9
